3333333333333333333333333333333 
3333333333333300000000003333333 
0000000000000000000000003333333 
0000000000000000000003333333333 
0000000000000000000003333333333 
3333333333333333300000000000003 
3333333333333333000000000000003 
3333333333333333333330000000333 
3333333333333333333300000000033 
3333333333333333330000000000333 
3333333333333333330000000333333 
3333333300000000000000033333333 
3333333300000000000000333333333 
3333333300000000333333333333333 

3333333300000033333333333333333 
3333333300000333333333333333333 
3333333300000000003333333333333 
3333333333000000000000000003333 
3333333333330000000000000000003 
3333333333333333000000000000000 
3333333333333333000000000000000 
3333333333333333333000000000033 
3333333333333333300000033333333 
0000000000003333300000033333333 
0000000000000000000000033333333 
3330000000000000000333333333333 
3333333333330000003333333333333 
3333333333333333333333333333333 

3333333333333333000000000333333
3333333333333300000000033333333
3333333333330000033333333300000
3333333333300003333333330000000
3333333333300000033333333300000
0033333330000000000003333333333
0000000000000333333333000000333
0000000000000000000000000000000
3333333300000000000000000000000
3333333333333330000000333333333
3333333333333300000033333333333
3333333333333300000333333333333
3333333333333000003333333333333
3333333333333000033333333333333

3333333333333333333333333333333
3333333333300000000000000000000
3333333000000000000000000000000
0000000000000033333333000000033
0000000033333333333330000003333
0000000003333333333333300003333
3333300003333330000333330000333
3333330003333300000333300033333
3333300000033000333333000033333
3330000000000000000000000033333
0000000000000000000000000333333
0000033333330003333333333333333
0000333333330000333333333333333
3333333333333000033333333333333